PF3D7_1429200.1-p1	1	0	1	4	NKND	44554	P22620.1	208	211	5835
PF3D7_1429400.1-p1	1	0	1	4	NKND	44554	P22620.1	2086	2089	5835
PF3D7_1429600.1-p1	1	0	1	4	NKND	44554	P22620.1	152	155	5835
PF3D7_1429800.1-p1	1	0	1	4	STNS	61800	AAA29490.1	858	861	5833
PF3D7_1429800.1-p1	1	0	1	14	NNNNNNNNNNNNNN	45197	AAA29485.1	556	569	5833
PF3D7_1429900.1-p1	1	0	1	4	NKND	44554	P22620.1	874	877	5835
PF3D7_1430600.1-p1	1	0	1	4	NKND	44554	P22620.1	377	380	5835
PF3D7_1431300.1-p1	1	0	1	4	NKND	44554	P22620.1	662	665	5835
PF3D7_1431800.1-p1	1	0	1	4	IKND	26850	AAB60251.1	510	513	5838
PF3D7_1432000.1-p1	1	0	1	4	NKND	44554	P22620.1	31	34	5835
PF3D7_1432200.1-p1	1	0	1	4	EENV	96220	P13831.1	376	379	5842
PF3D7_1432200.1-p1	1	0	1	4	NKND	44554	P22620.1	186	189	5835
PF3D7_1432400.1-p1	1	0	1	4	NKND	44554	P22620.1	557	560	5835
PF3D7_1432600.1-p1	1	0	1	4	STNS	61800	AAA29490.1	839	842	5833
PF3D7_1433300.1-p1	1	0	1	4	IKND	26850	AAB60251.1	177	180	5838
PF3D7_1433400.1-p1	1	0	1	14	NNNNNNNNNNNNNN	45197	AAA29485.1	1212	1225	5833
PF3D7_1433400.1-p1	1	0	1	4	EENV	96220	P13831.1	2153	2156	5842
PF3D7_1433400.1-p1	1	0	1	4	NKND	44554	P22620.1	2619	2622	5835
PF3D7_1433700.1-p1	1	0	1	4	NKND	44554	P22620.1	1171	1174	5835
PF3D7_1433800.1-p1	1	0	1	14	NNNNNNNNNNNNNN	45197	AAA29485.1	1173	1186	5833
PF3D7_1434500.1-p1	1	0	1	4	NKND	44554	P22620.1	2554	2557	5835
PF3D7_1434600.1-p1	1	0	1	14	NNNNNNNNNNNNNN	45197	AAA29485.1	139	152	5833
PF3D7_1434900.1-p1	1	0	1	4	IKND	26850	AAB60251.1	261	264	5838
PF3D7_1435200.1-p1	1	0	1	4	NVDP	46352	ABF83988.1	281	284	5833
PF3D7_1435600.1-p1	1	0	1	4	IKND	26850	AAB60251.1	526	529	5838
PF3D7_1435900.1-p1	1	0	1	4	NKND	44554	P22620.1	168	171	5835
PF3D7_1436000.1-p1	1	0	1	4	NVDP	46352	ABF83988.1	207	210	5833
PF3D7_1436000.1-p1	1	0	1	5	NVDPN	46353	P02893.1	207	211	57266
PF3D7_1436100.1-p1	1	0	1	14	NNNNNNNNNNNNNN	45197	AAA29485.1	262	275	5833
PF3D7_1436200.1-p1	1	0	1	4	IKND	26850	AAB60251.1	387	390	5838
PF3D7_1436700.1-p1	1	0	1	4	IKND	26850	AAB60251.1	28	31	5838
PF3D7_1437000.1-p1	1	0	1	14	NNNNNNNNNNNNNN	45197	AAA29485.1	333	346	5833
PF3D7_1437500.1-p1	1	1	1	30	VKIDNGESDEYNSTNQSPRKLNDSSGLSKK	538778	CZU00073.1	7	36	36329
PF3D7_1437600.1-p1	1	0	1	4	NKND	44554	P22620.1	540	543	5835
PF3D7_1437700.1-p1	1	0	1	4	IKND	26850	AAB60251.1	353	356	5838
PF3D7_1438600.1-p1	1	0	1	4	EENV	96220	P13831.1	119	122	5842
PF3D7_1439300.1-p1	1	0	1	10	ELFDKDTFFK	13048	NP_702261.1	375	384	36329
PF3D7_1439300.1-p1	1	0	1	9	FMNRFYITT	17067	NP_702261.1	529	537	36329
PF3D7_1439300.1-p1	1	0	1	9	FYITTRYKY	18411	NP_702261.1	533	541	36329
PF3D7_1439300.1-p1	1	0	1	15	HFNMLKNKMQSSFFM	23805	NP_702261.1	516	530	36329
PF3D7_1439300.1-p1	1	0	1	9	KYEALIKLL	34390	NP_702261.1	597	605	36329
PF3D7_1439300.1-p1	1	0	1	9	KYINFINFI	34467	NP_702261.1	545	553	36329
PF3D7_1439300.1-p1	1	0	1	9	LFDKDTFFK	35812	NP_702261.1	376	384	36329
PF3D7_1439300.1-p1	1	0	1	9	LIENELMNY	36500	NP_702261.1	366	374	36329
PF3D7_1439300.1-p1	1	0	1	9	LYYLFNQHI	40991	NP_702261.1	502	510	36329
PF3D7_1439300.1-p1	1	0	1	15	LYYLFNQHIKKELYH	40992	NP_702261.1	502	516	36329
PF3D7_1439300.1-p1	1	0	1	9	MQSSFFMNR	42410	NP_702261.1	524	532	36329
PF3D7_1439300.1-p1	1	0	1	9	NFINFIKVL	43849	NP_702261.1	548	556	36329
PF3D7_1439300.1-p1	1	0	1	9	NHEQKLSEY	44137	NP_702261.1	559	567	36329
PF3D7_1439300.1-p1	1	0	1	9	NILIVLYYL	44277	NP_702261.1	497	505	36329
PF3D7_1439300.1-p1	1	0	1	9	NVDQQNDMY	46358	NP_702261.1	399	407	36329
PF3D7_1439300.1-p1	1	0	1	9	QEEQKKYIY	50579	NP_702261.1	580	588	36329
PF3D7_1439300.1-p1	1	0	1	15	QKKYIYNLIMNTQNK	51208	NP_702261.1	583	597	36329
PF3D7_1439300.1-p1	1	0	1	9	RFYITTRYK	53807	NP_702261.1	532	540	36329
PF3D7_1439300.1-p1	1	0	1	9	SFFMNRFYI	57763	NP_702261.1	527	535	36329
PF3D7_1439300.1-p1	1	0	1	9	SSFFMNRFY	60987	NP_702261.1	526	534	36329
PF3D7_1439300.1-p1	1	0	1	10	SYKSSKRDKF	62620	NP_702261.1	442	451	36329
PF3D7_1439300.1-p1	1	0	1	9	TTRYKYLNK	66806	NP_702261.1	536	544	36329
PF3D7_1439300.1-p1	1	0	1	9	TYKKKNNHI	67374	NP_702261.1	481	489	36329
PF3D7_1439300.1-p1	1	0	1	9	VYYNILIVL	72203	NP_702261.1	494	502	36329
PF3D7_1439300.1-p1	1	0	1	9	YLFNQHIKK	74655	NP_702261.1	504	512	36329
PF3D7_1439300.1-p1	1	0	1	4	NKND	44554	P22620.1	1015	1018	5835
PF3D7_1439500.1-p1	1	0	1	4	NDPN	43506	P02893.1	838	841	57266
PF3D7_1440100.1-p1	1	0	1	4	NKND	44554	P22620.1	536	539	5835
PF3D7_1440400.1-p1	1	0	1	4	NKND	44554	P22620.1	209	212	5835
PF3D7_1440700.1-p1	1	0	1	4	EENV	96220	P13831.1	295	298	5842
PF3D7_1441300.1-p1	1	0	1	4	STNS	61800	AAA29490.1	455	458	5833
PF3D7_1441300.1-p1	1	0	1	4	IKND	26850	AAB60251.1	448	451	5838
PF3D7_1442400.1-p1	1	0	1	4	IKND	26850	AAB60251.1	1855	1858	5838
PF3D7_1442400.1-p1	1	0	1	4	NDPN	43506	P02893.1	2002	2005	57266
PF3D7_1442400.1-p1	1	0	1	4	NKND	44554	P22620.1	1510	1513	5835
PF3D7_1442700.1-p1	1	0	1	4	NKND	44554	P22620.1	1023	1026	5835
PF3D7_1442800.1-p1	1	0	1	4	NKND	44554	P22620.1	56	59	5835
PF3D7_1443100.1-p1	1	0	1	4	NKND	44554	P22620.1	16	19	5835
PF3D7_1443400.1-p1	1	0	1	4	IKND	26850	AAB60251.1	33	36	5838
PF3D7_1443400.1-p1	1	0	1	4	NKND	44554	P22620.1	567	570	5835
PF3D7_1443600.1-p1	1	0	1	4	EENV	96220	P13831.1	268	271	5842
PF3D7_1443700.1-p1	1	0	1	4	EENV	96220	P13831.1	148	151	5842
PF3D7_1443800.1-p1	1	0	1	4	IKND	26850	AAB60251.1	144	147	5838
PF3D7_1444100.1-p1	1	0	1	4	STNS	61800	AAA29490.1	1454	1457	5833
PF3D7_1444100.1-p1	1	0	1	4	EENV	96220	P13831.1	3007	3010	5842
PF3D7_1444100.1-p1	1	0	1	4	IKND	26850	AAB60251.1	4332	4335	5838
PF3D7_1444100.1-p1	1	0	1	4	NKND	44554	P22620.1	2521	2524	5835
PF3D7_1444500.1-p1	1	0	1	4	EENV	96220	P13831.1	509	512	5842
PF3D7_1444500.1-p1	1	0	1	4	NKND	44554	P22620.1	210	213	5835
PF3D7_1444800.1-p1	1	1	1	21	APKKLPADVAEELATTAQKLV	3620	P14223.1	10	30	5833
PF3D7_1446100.1-p1	1	0	1	4	IKND	26850	AAB60251.1	234	237	5838
PF3D7_1446300.1-p1	1	0	1	4	EENV	96220	P13831.1	53	56	5842
PF3D7_1446500.1-p1	1	0	1	4	EENV	96220	P13831.1	1312	1315	5842
PF3D7_1446500.1-p1	1	0	1	4	NDPN	43506	P02893.1	176	179	57266
PF3D7_1446700.1-p1	1	0	1	31	NNEMDETINKLKKDINKLNEKIEKYDNFMKM	45073	XP_001348618.1	210	240	36329
PF3D7_1446900.1-p1	1	0	1	4	NVDP	46352	ABF83988.1	205	208	5833
PF3D7_1447800.1-p1	1	0	1	4	IKND	26850	AAB60251.1	638	641	5838
PF3D7_1448300.1-p1	1	0	1	14	NNNNNNNNNNNNNN	45197	AAA29485.1	326	339	5833
PF3D7_1448300.1-p1	1	0	1	4	EENV	96220	P13831.1	177	180	5842
PF3D7_1448400.1-p1	1	0	1	4	EENV	96220	P13831.1	667	670	5842
PF3D7_1448400.1-p1	1	0	1	4	NKND	44554	P22620.1	236	239	5835
PF3D7_1448500.1-p1	1	0	1	4	IKND	26850	AAB60251.1	2224	2227	5838
PF3D7_1448500.1-p1	1	0	1	4	NKND	44554	P22620.1	434	437	5835
PF3D7_1448700.1-p1	1	0	1	4	NKND	44554	P22620.1	93	96	5835
PF3D7_1449100.1-p1	1	0	1	4	IKND	26850	AAB60251.1	764	767	5838
PF3D7_1449500.1-p1	1	0	1	14	NNNNNNNNNNNNNN	45197	AAA29485.1	320	333	5833
PF3D7_1449500.1-p1	1	0	1	4	NDPN	43506	P02893.1	353	356	57266
PF3D7_1449700.1-p1	1	0	1	4	NKND	44554	P22620.1	157	160	5835
PF3D7_1450500.1-p1	1	0	1	4	IKND	26850	AAB60251.1	1109	1112	5838
PF3D7_1450500.1-p1	1	0	1	4	NKND	44554	P22620.1	834	837	5835
PF3D7_1450600.1-p1	1	0	1	4	IKND	26850	AAB60251.1	212	215	5838
PF3D7_1450700.1-p1	1	0	1	4	NKND	44554	P22620.1	516	519	5835
PF3D7_1451200.1-p1	1	0	1	4	EENV	96220	P13831.1	53	56	5842
PF3D7_1451200.1-p1	1	0	1	4	NKND	44554	P22620.1	263	266	5835
PF3D7_1451400.1-p1	1	0	1	14	NNNNNNNNNNNNNN	45197	AAA29485.1	547	560	5833
PF3D7_1451400.1-p1	1	0	1	4	NKND	44554	P22620.1	1173	1176	5835
PF3D7_1451900.1-p1	1	0	1	4	IKND	26850	AAB60251.1	697	700	5838
PF3D7_1451900.1-p1	1	0	1	4	NKND	44554	P22620.1	35	38	5835
PF3D7_1452000.1-p1	1	0	1	4	IKND	26850	AAB60251.1	1275	1278	5838
PF3D7_1452000.1-p1	1	0	1	4	NDPN	43506	P02893.1	1021	1024	57266
PF3D7_1452600.1-p1	1	0	1	14	NNNNNNNNNNNNNN	45197	AAA29485.1	1184	1197	5833
PF3D7_1452600.1-p1	1	0	1	4	IKND	26850	AAB60251.1	1508	1511	5838
PF3D7_1453000.1-p1	1	0	1	4	NKND	44554	P22620.1	495	498	5835
PF3D7_1453100.1-p1	1	0	1	4	IKND	26850	AAB60251.1	28	31	5838
PF3D7_1453400.1-p1	1	0	1	4	IKND	26850	AAB60251.1	1845	1848	5838
PF3D7_1453600.1-p1	1	0	1	4	NKND	44554	P22620.1	693	696	5835
PF3D7_1453900.1-p1	1	0	1	4	EENV	96220	P13831.1	249	252	5842
PF3D7_1454200.1-p1	1	0	1	4	NKND	44554	P22620.1	349	352	5835
PF3D7_1454300.1-p1	1	0	1	4	IKND	26850	AAB60251.1	237	240	5838
PF3D7_1455200.1-p1	1	0	1	4	IKND	26850	AAB60251.1	39	42	5838
PF3D7_1455300.1-p1	1	0	1	4	IKND	26850	AAB60251.1	246	249	5838
PF3D7_1455500.1-p1	1	0	1	4	IKND	26850	AAB60251.1	105	108	5838
PF3D7_1455500.1-p1	1	0	1	4	NKND	44554	P22620.1	284	287	5835
PF3D7_1456000.1-p1	1	0	1	14	NNNNNNNNNNNNNN	45197	AAA29485.1	678	691	5833
PF3D7_1456000.1-p1	1	0	1	8	NKNDNKND	44555	Q8I3J9	1252	1259	5833
PF3D7_1456000.1-p1	1	0	1	4	EENV	96220	P13831.1	943	946	5842
PF3D7_1456000.1-p1	1	0	1	4	IKND	26850	AAB60251.1	633	636	5838
PF3D7_1456000.1-p1	1	0	1	4	NKND	44554	P22620.1	1252	1255	5835
PF3D7_1456100.1-p1	1	0	1	4	NKND	44554	P22620.1	44	47	5835
PF3D7_1456300.1-p1	1	0	1	4	IKND	26850	AAB60251.1	10	13	5838
PF3D7_1456300.1-p1	1	0	1	4	NDPN	43506	P02893.1	330	333	57266
PF3D7_1456400.1-p1	1	0	1	4	NKND	44554	P22620.1	407	410	5835
PF3D7_1456500.1-p1	1	0	1	4	STNS	61800	AAA29490.1	1072	1075	5833
PF3D7_1456500.1-p1	1	0	1	4	IKND	26850	AAB60251.1	1351	1354	5838
PF3D7_1456700.1-p1	1	0	1	4	IKND	26850	AAB60251.1	527	530	5838
PF3D7_1456700.1-p1	1	0	1	4	NDPN	43506	P02893.1	153	156	57266
PF3D7_1456700.1-p1	1	0	1	4	NKND	44554	P22620.1	56	59	5835
PF3D7_1456800.1-p1	1	0	1	4	STNS	61800	AAA29490.1	634	637	5833
PF3D7_1456900.1-p1	1	0	1	4	EENV	96220	P13831.1	143	146	5842
PF3D7_1457400.1-p1	1	0	1	4	IKND	26850	AAB60251.1	1656	1659	5838
PF3D7_1457400.1-p1	1	0	1	4	NKND	44554	P22620.1	1397	1400	5835
PF3D7_1457700.1-p1	1	0	1	14	NNNNNNNNNNNNNN	45197	AAA29485.1	1164	1177	5833
PF3D7_1457900.1-p1	1	0	1	4	IKND	26850	AAB60251.1	3238	3241	5838
PF3D7_1457900.1-p1	1	0	1	4	NKND	44554	P22620.1	119	122	5835
PF3D7_1458000.1-p1	1	0	1	4	IKND	26850	AAB60251.1	125	128	5838
PF3D7_1458300.1-p1	1	0	1	4	EENV	96220	P13831.1	171	174	5842
PF3D7_1458300.1-p1	1	0	1	4	NKND	44554	P22620.1	202	205	5835
PF3D7_1458500.1-p1	1	0	1	14	NNNNNNNNNNNNNN	45197	AAA29485.1	719	732	5833
PF3D7_1458500.1-p1	1	0	1	4	EENV	96220	P13831.1	118	121	5842
PF3D7_1458800.1-p1	1	0	1	14	NNNNNNNNNNNNNN	45197	AAA29485.1	264	277	5833
PF3D7_1458900.1-p1	1	0	1	4	STNS	61800	AAA29490.1	143	146	5833
PF3D7_1459500.1-p1	1	0	1	4	IKND	26850	AAB60251.1	661	664	5838
PF3D7_1459700.1-p1	1	0	1	4	STNS	61800	AAA29490.1	228	231	5833
PF3D7_1460100.1-p1	1	1	1	30	EKGLKSLNEKIKNYDSIIEEQKNQLENLKM	12697	XP_001348748.1	163	192	36329
PF3D7_1460100.1-p1	1	0	1	4	NKND	44554	P22620.1	264	267	5835
PF3D7_1460500.1-p1	1	0	1	14	NNNNNNNNNNNNNN	45197	AAA29485.1	1470	1483	5833
PF3D7_1461100.1-p1	1	0	1	4	IKND	26850	AAB60251.1	629	632	5838
PF3D7_1461100.1-p1	1	0	1	4	NDPN	43506	P02893.1	321	324	57266
PF3D7_1461900.1-p1	1	0	1	4	NDPN	43506	P02893.1	1046	1049	57266
PF3D7_1462400.1-p1	1	0	1	14	NNNNNNNNNNNNNN	45197	AAA29485.1	418	431	5833
PF3D7_1462400.1-p1	1	0	1	4	EENV	96220	P13831.1	2586	2589	5842
PF3D7_1462400.1-p1	1	0	1	4	NKND	44554	P22620.1	288	291	5835
PF3D7_1462800.1-p1	1	0	1	16	ADGFLLIGEKKVSVFA	652925	AAD10249.1	63	78	36329
PF3D7_1462800.1-p1	1	0	1	15	AEKDPSQIPWGKCQV	652929	AAD10249.1	78	92	36329
PF3D7_1462800.1-p1	1	0	1	13	KDDTPIYVMGINH	653099	AAD10249.1	126	138	36329
PF3D7_1464000.1-p1	1	0	1	4	IKND	26850	AAB60251.1	400	403	5838
PF3D7_1464300.1-p1	1	0	1	4	NKND	44554	P22620.1	145	148	5835
PF3D7_1464500.1-p1	1	0	1	14	NNNNNNNNNNNNNN	45197	AAA29485.1	163	176	5833
PF3D7_1464500.1-p1	1	0	1	4	EENV	96220	P13831.1	1331	1334	5842
PF3D7_1464500.1-p1	1	0	1	4	IKND	26850	AAB60251.1	2537	2540	5838
PF3D7_1464500.1-p1	1	0	1	4	NKND	44554	P22620.1	1247	1250	5835
PF3D7_1465200.1-p1	1	0	1	4	NKND	44554	P22620.1	334	337	5835
PF3D7_1465500.1-p1	1	0	1	4	NKND	44554	P22620.1	796	799	5835
PF3D7_1465800.1-p1	1	0	1	4	NDPN	43506	P02893.1	973	976	57266
PF3D7_1465800.1-p1	1	0	1	4	NKND	44554	P22620.1	4035	4038	5835
PF3D7_1465900.1-p1	1	0	1	4	STNS	61800	AAA29490.1	81	84	5833
PF3D7_1466200.1-p1	1	0	1	4	NVDP	46352	ABF83988.1	965	968	5833
PF3D7_1466200.1-p1	1	0	1	4	NKND	44554	P22620.1	2033	2036	5835
PF3D7_1466800.1-p1	1	0	1	4	STNS	61800	AAA29490.1	576	579	5833
PF3D7_1466900.1-p1	1	0	1	4	STNS	61800	AAA29490.1	1231	1234	5833
PF3D7_1467600.1-p1	1	0	1	4	NKND	44554	P22620.1	1094	1097	5835
PF3D7_1468000.1-p1	1	0	1	4	NKND	44554	P22620.1	704	707	5835
PF3D7_1468100.1-p1	1	0	1	4	EENV	96220	P13831.1	1684	1687	5842
PF3D7_1468100.1-p1	1	0	1	4	IKND	26850	AAB60251.1	1948	1951	5838
PF3D7_1468400.1-p1	1	0	1	4	IKND	26850	AAB60251.1	315	318	5838
PF3D7_1468400.1-p1	1	0	1	4	NKND	44554	P22620.1	218	221	5835
PF3D7_1468600.1-p1	1	0	1	8	TTTTTTTT	873860	P50498.2	1437	1444	36329
PF3D7_1468900.1-p1	1	0	1	4	EENV	96220	P13831.1	20	23	5842
PF3D7_1469300.1-p1	1	0	1	4	IKND	26850	AAB60251.1	6	9	5838
PF3D7_1469500.1-p1	1	0	1	14	NNNNNNNNNNNNNN	45197	AAA29485.1	71	84	5833
PF3D7_1469600.1-p1	1	0	1	4	NKND	44554	P22620.1	2025	2028	5835
PF3D7_1470000.1-p1	1	0	1	4	NKND	44554	P22620.1	68	71	5835
PF3D7_1470100.1-p1	1	0	1	4	EENV	96220	P13831.1	1140	1143	5842
PF3D7_1471600.1-p1	1	0	1	4	IKND	26850	AAB60251.1	851	854	5838
PF3D7_1471900.1-p1	1	0	1	4	NDPN	43506	P02893.1	1331	1334	57266
PF3D7_1471900.1-p1	1	0	1	4	NKND	44554	P22620.1	424	427	5835
PF3D7_1472200.1-p1	1	0	1	4	IKND	26850	AAB60251.1	1233	1236	5838
PF3D7_1473300.1-p1	1	0	1	4	NKND	44554	P22620.1	129	132	5835
PF3D7_1473900.1-p1	1	0	1	4	EENV	96220	P13831.1	57	60	5842
PF3D7_1474000.1-p1	1	0	1	4	EENV	96220	P13831.1	1672	1675	5842
PF3D7_1474000.1-p1	1	0	1	4	NKND	44554	P22620.1	622	625	5835
PF3D7_1474200.1-p1	1	0	1	14	NNNNNNNNNNNNNN	45197	AAA29485.1	3033	3046	5833
PF3D7_1474200.1-p1	1	0	1	4	IKND	26850	AAB60251.1	1484	1487	5838
PF3D7_1474200.1-p1	1	0	1	4	NKND	44554	P22620.1	1081	1084	5835
PF3D7_1474300.1-p1	1	0	1	14	NNNNNNNNNNNNNN	45197	AAA29485.1	542	555	5833
PF3D7_1474300.1-p1	1	0	1	4	IKND	26850	AAB60251.1	9	12	5838
PF3D7_1474400.1-p1	1	0	1	14	NNNNNNNNNNNNNN	45197	AAA29485.1	1643	1656	5833
PF3D7_1474400.1-p1	1	0	1	4	NKND	44554	P22620.1	1523	1526	5835
PF3D7_1474800.1-p1	1	0	1	4	EENV	96220	P13831.1	245	248	5842
PF3D7_1475200.1-p1	1	0	1	4	NKND	44554	P22620.1	104	107	5835
PF3D7_1475500.1-p1	1	0	1	4	STNS	61800	AAA29490.1	739	742	5833
PF3D7_1475600.1-p1	1	0	1	4	NKND	44554	P22620.1	592	595	5835
PF3D7_1476700.1-p1	1	0	1	4	NKND	44554	P22620.1	3	6	5835
PF3D7_1477500.1-p1	1	0	1	4	EENV	96220	P13831.1	463	466	5842
PF3D7_1477600.1-p1	1	0	1	4	IKND	26850	AAB60251.1	1896	1899	5838
PF3D7_1479000.1-p1	1	0	1	4	NKND	44554	P22620.1	789	792	5835
